version https://git-lfs.github.com/spec/v1
oid sha256:99fd774ba2a9d01541db5744e54d87c41181353a3d96e30bc6888cb9d4ab6f1f
size 562
